         à          á          â          ã          ä          å          æ          ç          è          é          ê          ë          ì          í          î          ï          ð          ñ          ò          ó          ô          õ          ö          ÷          ø          ù          û          ü          ý          þ          ÿ            
à 0.00000469 0.00071536 0.00295762 0.00096867 0.00157614 0.00117507 0.00149171 0.00338918 0.00014542 0.00083029 0.00436958 0.00572290 0.00365187 0.00406467 0.00001876 0.00071067 0.00212498 0.00436489 0.00453610 0.00010085 0.00009382 0.00083498 0.00004691 0.00068956 0.00137913 0.00039638 0.00000000 0.00000000 0.00000000 0.00089596 0.00181538 0.01559257 
á 0.00087485 0.00023220 0.00006567 0.00001642 0.00002580 0.00215313 0.00000469 0.00000235 0.00059809 0.00000000 0.00005864 0.00105545 0.00005160 0.00042687 0.00241816 0.00000000 0.00141665 0.00023924 0.00000000 0.00102496 0.00000000 0.00006333 0.00000704 0.00001173 0.00000704 0.00012665 0.00364014 0.00003049 0.00000000 0.00000235 0.00064031 0.00022516 
â 0.00587067 0.00000469 0.00003987 0.00000704 0.00016418 0.00605127 0.00000000 0.00037058 0.00288022 0.00000000 0.00011962 0.00100620 0.00014776 0.00113989 0.00717943 0.00021813 0.00088424 0.00204993 0.00016418 0.00073178 0.00000000 0.00003284 0.00002111 0.00003753 0.00082794 0.00000235 0.00257296 0.00019233 0.00000000 0.00000235 0.00047378 0.00526085 
ã 0.00082560 0.00000235 0.00000235 0.00000000 0.00122902 0.00029084 0.00000000 0.00000000 0.00054649 0.00000000 0.00010085 0.00136271 0.00000938 0.00023689 0.00804256 0.00000000 0.00077165 0.00001407 0.00001173 0.00054884 0.00000000 0.00000000 0.00000000 0.00003049 0.00000469 0.00000000 0.00000000 0.00000000 0.00000000 0.00000000 0.00000000 0.00074585 
ä 0.00429687 0.00001642 0.00079276 0.00000704 0.00007505 0.00440476 0.00010320 0.00000704 0.00306082 0.00000000 0.00039169 0.00087954 0.00007271 0.00168169 0.00410689 0.00010320 0.00097571 0.00056994 0.00008444 0.00168873 0.00000000 0.00003518 0.00014073 0.00008444 0.00008444 0.00000000 0.00048785 0.00062154 0.00000000 0.00001407 0.00030960 0.00152689 
å 0.00002815 0.00165354 0.00167231 0.00312883 0.00384889 0.00178958 0.00077400 0.00112582 0.00015715 0.00344312 0.00092645 0.00524209 0.00458301 0.00869694 0.00024627 0.00090065 0.00543676 0.00476830 0.00482929 0.00017825 0.00003753 0.00045267 0.00036355 0.00091707 0.00094522 0.00057229 0.00000000 0.00000000 0.00000000 0.00018998 0.00017591 0.01779729 
æ 0.00132049 0.00005160 0.00000000 0.00000469 0.00083029 0.00375976 0.00000704 0.00000000 0.00147294 0.00000000 0.00007505 0.00000938 0.00000469 0.00088893 0.00012665 0.00000235 0.00000469 0.00002580 0.00000469 0.00023220 0.00000000 0.00000000 0.00000000 0.00004456 0.00000000 0.00000000 0.00000000 0.00007975 0.00000000 0.00000000 0.00000000 0.00056056 
ç 0.00460412 0.00020875 0.00088658 0.00037762 0.00065673 0.00033775 0.00003049 0.00008444 0.00039404 0.00000000 0.00012431 0.00025800 0.00036355 0.00158787 0.00069894 0.00000938 0.00048316 0.00001173 0.00001407 0.00037996 0.00000000 0.00000000 0.00000235 0.00000235 0.00000469 0.00000000 0.00043391 0.00008444 0.00000000 0.00000000 0.00020640 0.00116100 
è 0.00011727 0.00070364 0.00242989 0.00035885 0.00117038 0.00247914 0.00020875 0.00223053 0.00081622 0.00102965 0.00188105 0.00475423 0.00274652 0.00350880 0.00013369 0.00008913 0.00056525 0.00254012 0.00455252 0.00000235 0.00001407 0.00180131 0.00073647 0.00103434 0.00065673 0.00025800 0.00000000 0.00000000 0.00000000 0.00040342 0.00173094 0.01731882 
é 0.00000000 0.00000938 0.00000704 0.00001173 0.00015949 0.00000938 0.00000235 0.00000000 0.00000000 0.00000000 0.00013369 0.00013369 0.00045033 0.00039873 0.00000938 0.00000235 0.00003987 0.00047613 0.00039638 0.00000000 0.00007271 0.00000000 0.00003987 0.00023455 0.00017122 0.00000000 0.00000000 0.00000000 0.00000000 0.00000000 0.00000000 0.00865003 
ê 0.00599732 0.00000235 0.00015011 0.00000000 0.00000000 0.00042453 0.00007740 0.00000704 0.00209683 0.00000000 0.00000704 0.00073647 0.00000000 0.00040107 0.00885877 0.00000000 0.00147060 0.00005629 0.00052773 0.00116804 0.00000000 0.00000235 0.00000469 0.00000000 0.00002345 0.00000000 0.00000000 0.00000000 0.00000000 0.00000000 0.00000000 0.00407874 
ë 0.00716770 0.00015011 0.00007505 0.00016418 0.00004456 0.00492545 0.00046440 0.00000704 0.00730374 0.00000000 0.00023924 0.00010320 0.00001876 0.00043391 0.00520690 0.00005395 0.00000235 0.00078104 0.00003049 0.00169811 0.00001642 0.00000000 0.00000000 0.00010320 0.00001173 0.00000000 0.00055822 0.00409751 0.00000469 0.00098978 0.00153627 0.00461585 
ì 0.00175440 0.00002345 0.00007740 0.00006567 0.00000000 0.00379025 0.00000235 0.00002111 0.00289898 0.00000000 0.00032133 0.00017825 0.00000469 0.00143542 0.00372458 0.00003987 0.00008209 0.00016653 0.00003753 0.00220003 0.00000704 0.00000000 0.00002580 0.00002111 0.00000000 0.00001642 0.00078338 0.00005629 0.00000235 0.00000000 0.00050662 0.00884236 
í 0.00888692 0.00002815 0.00000469 0.00032602 0.00134629 0.00861719 0.00006567 0.00001407 0.00806132 0.00000000 0.00018764 0.00000469 0.00000235 0.00311476 0.00933255 0.00000000 0.00014542 0.00039638 0.00038935 0.00200771 0.00001173 0.00000938 0.00026035 0.00010320 0.00000704 0.00016887 0.00378556 0.00059809 0.00000000 0.00015245 0.00139085 0.00353694 
î 0.00001173 0.00429687 0.00623421 0.00476127 0.00470498 0.00247445 0.00201474 0.00149405 0.00129704 0.00421478 0.00231965 0.00707857 0.00519987 0.00442587 0.00022282 0.00138147 0.00632099 0.00706450 0.00689094 0.00008209 0.00003049 0.00078104 0.00005864 0.00144245 0.00083029 0.00026504 0.00000000 0.00000000 0.00008209 0.00037762 0.00071067 0.01898878 
ï 0.00148936 0.00000000 0.00000000 0.00000000 0.00000000 0.00178020 0.00000000 0.00000000 0.00071536 0.00000235 0.00006098 0.00062858 0.00000000 0.00011727 0.00860781 0.00002345 0.00684403 0.00000704 0.00007740 0.00072240 0.00000000 0.00000000 0.00000938 0.00001173 0.00000235 0.00000000 0.00037058 0.00006567 0.00001173 0.00000235 0.00007036 0.00003284 
ð 0.00685810 0.00013604 0.00030256 0.00020171 0.00077400 0.00687218 0.00047847 0.00007740 0.00460178 0.00000000 0.00025800 0.00005160 0.00011258 0.00082560 0.00705278 0.00011727 0.00006802 0.00025565 0.00064265 0.00218831 0.00002815 0.00014073 0.00004691 0.00005160 0.00021344 0.00001876 0.00173094 0.00063327 0.00001173 0.00009851 0.00092880 0.00068487 
ñ 0.00123605 0.00005395 0.00221880 0.00000704 0.00026269 0.00307254 0.00001407 0.00000469 0.00130407 0.00000000 0.00344781 0.00343140 0.00073647 0.00090065 0.00290602 0.00179193 0.00031898 0.00056760 0.01176713 0.00080449 0.00000938 0.00018764 0.00006098 0.00042453 0.00008913 0.00000000 0.00026269 0.00262925 0.00016887 0.00016887 0.00335634 0.00277936 
ò 0.00507790 0.00002111 0.00372927 0.00000000 0.00008209 0.00541799 0.00000000 0.00000000 0.00416083 0.00000000 0.00060747 0.00042453 0.00003049 0.00137209 0.01267482 0.00013135 0.00245803 0.00134394 0.00004222 0.00121964 0.00000000 0.00000938 0.00010320 0.00012665 0.00001407 0.00004691 0.00148702 0.00663059 0.00000235 0.00010555 0.00059340 0.00557045 
ó 0.00005160 0.00047613 0.00055118 0.00132284 0.00217658 0.00024393 0.00151985 0.00023220 0.00000704 0.00010789 0.00057464 0.00080684 0.00073647 0.00020171 0.00000235 0.00073882 0.00045736 0.00115162 0.00150813 0.00000000 0.00000704 0.00035182 0.00001173 0.00104842 0.00077400 0.00031898 0.00000000 0.00000000 0.00002345 0.00112113 0.00005864 0.00590585 
ô 0.00009616 0.00000000 0.00000000 0.00000000 0.00000000 0.00005864 0.00000000 0.00000000 0.00008913 0.00000000 0.00000000 0.00003987 0.00000000 0.00000000 0.00008444 0.00000000 0.00008444 0.00007975 0.00000704 0.00001407 0.00000235 0.00000000 0.00000000 0.00000000 0.00000235 0.00000000 0.00000000 0.00000000 0.00000000 0.00000000 0.00000000 0.00005395 
õ 0.00039169 0.00000000 0.00019936 0.00000000 0.00000000 0.00005160 0.00000000 0.00000000 0.00020405 0.00000000 0.00000000 0.00037762 0.00001407 0.00006567 0.00188574 0.00000000 0.00017591 0.00003753 0.00004456 0.00012196 0.00000000 0.00000000 0.00000000 0.00000235 0.00000704 0.00000000 0.00000000 0.00000000 0.00000235 0.00000000 0.00000000 0.00369643 
ö 0.00063562 0.00000235 0.00003753 0.00000000 0.00000000 0.00085374 0.00000000 0.00000469 0.00011727 0.00000000 0.00007036 0.00000000 0.00000000 0.00000000 0.00018998 0.00000000 0.00000000 0.00000000 0.00000235 0.00012431 0.00000000 0.00000000 0.00000000 0.00000000 0.00000000 0.00000000 0.00016418 0.00000000 0.00000000 0.00000000 0.00000000 0.00024627 
÷ 0.00188574 0.00000000 0.00001173 0.00000000 0.00000000 0.00283331 0.00000000 0.00000000 0.00174033 0.00000000 0.00019233 0.00002815 0.00000704 0.00075289 0.00005629 0.00000000 0.00003049 0.00000000 0.00298811 0.00045971 0.00000000 0.00000000 0.00000000 0.00001173 0.00017825 0.00000000 0.00000000 0.00032367 0.00000000 0.00000000 0.00000000 0.00008444 
ø 0.00103904 0.00000000 0.00000704 0.00000000 0.00000000 0.00241112 0.00000000 0.00000000 0.00160898 0.00000000 0.00045502 0.00040576 0.00000469 0.00033071 0.00025800 0.00008209 0.00000000 0.00000000 0.00002345 0.00036120 0.00000000 0.00000000 0.00000000 0.00000000 0.00000000 0.00000000 0.00000000 0.00054884 0.00000000 0.00000000 0.00000000 0.00011024 
ù 0.00037058 0.00000000 0.00000000 0.00000000 0.00000000 0.00144480 0.00000000 0.00000000 0.00073882 0.00000000 0.00000000 0.00000000 0.00000000 0.00004456 0.00000469 0.00000000 0.00001173 0.00000000 0.00000000 0.00011258 0.00000000 0.00000000 0.00000000 0.00000000 0.00000000 0.00000000 0.00000000 0.00006802 0.00000000 0.00000000 0.00000000 0.00003518 
û 0.00000000 0.00012431 0.00080918 0.00009851 0.00012665 0.00110002 0.00001173 0.00008913 0.00000469 0.00168403 0.00013135 0.00159022 0.00148702 0.00034244 0.00000000 0.00016418 0.00030960 0.00050662 0.00074116 0.00000469 0.00000000 0.00108360 0.00013369 0.00023220 0.00039169 0.00001407 0.00000000 0.00000000 0.00000000 0.00000000 0.00001407 0.00544379 
ü 0.00000000 0.00008913 0.00002345 0.00001876 0.00000704 0.00036589 0.00000000 0.00018060 0.00005160 0.00000000 0.00085140 0.00000000 0.00026504 0.00134864 0.00000235 0.00000235 0.00000704 0.00125716 0.00010085 0.00000000 0.00000469 0.00000000 0.00007036 0.00013604 0.00047378 0.00000469 0.00000000 0.00000000 0.00000000 0.00053242 0.00027911 0.01035752 
ý 0.00000000 0.00000235 0.00000235 0.00013369 0.00000469 0.00000000 0.00000000 0.00000235 0.00000000 0.00000469 0.00001407 0.00014542 0.00000938 0.00006333 0.00000000 0.00001173 0.00028615 0.00000704 0.00252371 0.00000000 0.00000469 0.00000235 0.00000000 0.00000000 0.00000000 0.00000000 0.00000000 0.00000000 0.00000000 0.00000000 0.00000235 0.00000000 
þ 0.00009147 0.00042922 0.00000235 0.00001173 0.00044095 0.00000000 0.00001173 0.00000704 0.00000235 0.00000469 0.00002111 0.00000469 0.00002815 0.00028380 0.00000000 0.00000000 0.00002815 0.00018295 0.00039169 0.00000000 0.00000000 0.00001173 0.00000000 0.00008444 0.00001642 0.00041515 0.00000000 0.00000000 0.00000000 0.00003284 0.00000000 0.00296934 
ÿ 0.00000000 0.00001407 0.00037762 0.00011962 0.00047847 0.00017356 0.00015715 0.00031664 0.00003987 0.00008209 0.00019467 0.00053007 0.00042922 0.00052304 0.00000000 0.00003753 0.00007036 0.00043156 0.00144480 0.00000000 0.00000000 0.00017122 0.00001173 0.00004456 0.00001173 0.00024158 0.00000000 0.00000000 0.00000000 0.00015949 0.00013838 0.01042319 
  0.00242520 0.00614978 0.01464969 0.00269023 0.00655554 0.00533121 0.00193031 0.00413034 0.01001274 0.00003753 0.00812465 0.00334461 0.00634679 0.01331748 0.01345117 0.01494288 0.00458536 0.01655186 0.00751717 0.00465103 0.00026504 0.00115631 0.00044564 0.00432736 0.00056760 0.00010789 0.00032133 0.00003049 0.00294120 0.00033775 0.00159022 0.00290602 
