         à          á          â          ã          ä          å          æ          ç          è          é          ê          ë          ì          í          î          ï          ð          ñ          ò          ó          ô          õ          ö          ÷          ø          ù          ú          û          ü          ý          þ          ÿ 
à 0.00023645 0.00152732 0.00502736 0.00160705 0.00275357 0.00189162 0.00184763 0.00432350 0.00131973 0.00099530 0.00629897 0.00732589 0.00501224 0.00656842 0.00133211 0.00237139 0.00307113 0.00686124 0.00629073 0.00054302 0.00013197 0.00117126 0.00010860 0.00120838 0.00164967 0.00042479 0.00000000 0.00000000 0.00000000 0.00036155 0.00105441 0.00239751 
á 0.00105029 0.00026945 0.00008523 0.00001925 0.00002887 0.00257073 0.00000825 0.00001237 0.00078084 0.00000000 0.00007973 0.00124550 0.00006736 0.00048803 0.00291441 0.00000825 0.00163179 0.00027357 0.00000550 0.00130736 0.00000000 0.00007561 0.00000825 0.00001237 0.00001375 0.00017047 0.00007423 0.00436474 0.00003574 0.00009761 0.00000137 0.00077947 
â 0.00716230 0.00017871 0.00040417 0.00019109 0.00050315 0.00731352 0.00006874 0.00069561 0.00372825 0.00000137 0.00061450 0.00131286 0.00041929 0.00179676 0.00895219 0.00084683 0.00124962 0.00329796 0.00068736 0.00101867 0.00000550 0.00009761 0.00005774 0.00021171 0.00095956 0.00001100 0.00000137 0.00307525 0.00025020 0.00034506 0.00001375 0.00059938 
ã 0.00102142 0.00008798 0.00007973 0.00001375 0.00146820 0.00043304 0.00000412 0.00003299 0.00070386 0.00000000 0.00017047 0.00181876 0.00004674 0.00040004 0.00949933 0.00008111 0.00142971 0.00015122 0.00003299 0.00068599 0.00000275 0.00000687 0.00000275 0.00006736 0.00000825 0.00000000 0.00000000 0.00000000 0.00000000 0.00000825 0.00000137 0.00001100 
ä 0.00530917 0.00007698 0.00103791 0.00027219 0.00015809 0.00528443 0.00025845 0.00005224 0.00374887 0.00000000 0.00055676 0.00109840 0.00016772 0.00217069 0.00498886 0.00024470 0.00122350 0.00088944 0.00017459 0.00219131 0.00000137 0.00005911 0.00017596 0.00014022 0.00010035 0.00000000 0.00001650 0.00061038 0.00075472 0.00003437 0.00001375 0.00036293 
å 0.00019246 0.00281818 0.00412691 0.00419977 0.00543840 0.00253499 0.00122213 0.00195348 0.00130599 0.00389734 0.00203321 0.00665228 0.00635259 0.01177174 0.00173077 0.00344093 0.00718155 0.00793902 0.00656155 0.00086333 0.00006736 0.00076572 0.00044953 0.00170328 0.00116989 0.00069836 0.00000000 0.00000000 0.00000000 0.00028594 0.00023095 0.00043854 
æ 0.00153831 0.00007973 0.00006874 0.00001512 0.00105441 0.00448159 0.00001100 0.00001375 0.00169641 0.00000000 0.00011273 0.00002612 0.00004124 0.00114102 0.00019933 0.00005774 0.00001237 0.00008386 0.00003849 0.00025570 0.00000000 0.00000137 0.00000000 0.00007423 0.00000000 0.00000000 0.00000000 0.00000000 0.00008248 0.00000687 0.00000000 0.00001925 
ç 0.00557312 0.00028594 0.00123450 0.00045778 0.00084683 0.00042066 0.00004812 0.00012510 0.00048665 0.00000000 0.00027494 0.00035193 0.00051827 0.00202771 0.00086195 0.00014710 0.00064199 0.00019659 0.00010860 0.00049765 0.00000825 0.00001100 0.00001925 0.00003437 0.00001375 0.00000000 0.00002062 0.00054164 0.00009898 0.00003574 0.00000137 0.00026257 
è 0.00040829 0.00174040 0.00493525 0.00082896 0.00224355 0.00346980 0.00043304 0.00314124 0.00216656 0.00124687 0.00339006 0.00619450 0.00415716 0.00600066 0.00150532 0.00226004 0.00124412 0.00503561 0.00649006 0.00060763 0.00013885 0.00230266 0.00089494 0.00174040 0.00085508 0.00030244 0.00000000 0.00000000 0.00000000 0.00043441 0.00049078 0.00229304 
é 0.00013472 0.00034918 0.00091144 0.00029694 0.00075885 0.00017596 0.00023370 0.00023920 0.00070111 0.00000412 0.00076022 0.00034780 0.00107778 0.00114102 0.00060350 0.00107503 0.00039317 0.00170191 0.00078222 0.00023233 0.00014847 0.00009623 0.00015122 0.00052239 0.00030656 0.00000825 0.00000000 0.00000000 0.00000000 0.00007423 0.00006186 0.00010310 
ê 0.00736851 0.00025157 0.00062137 0.00010310 0.00018559 0.00067499 0.00023095 0.00011135 0.00285530 0.00000000 0.00033818 0.00102967 0.00020208 0.00091007 0.01071321 0.00037392 0.00186550 0.00049765 0.00090594 0.00154381 0.00000962 0.00004674 0.00001375 0.00016497 0.00004124 0.00000412 0.00000000 0.00000000 0.00000000 0.00052789 0.00001237 0.00008936 
ë 0.00854802 0.00037667 0.00056639 0.00030244 0.00030794 0.00603640 0.00053614 0.00015259 0.00888070 0.00000000 0.00051964 0.00024470 0.00022545 0.00084683 0.00684611 0.00063787 0.00036155 0.00157406 0.00028457 0.00212807 0.00002337 0.00003712 0.00000962 0.00032993 0.00002612 0.00000137 0.00000000 0.00064199 0.00469742 0.00006736 0.00120976 0.00192049 
ì 0.00247587 0.00037942 0.00108878 0.00027632 0.00054027 0.00475104 0.00013335 0.00026120 0.00431388 0.00000000 0.00092244 0.00040417 0.00042891 0.00265596 0.00554288 0.00109565 0.00037667 0.00131286 0.00042616 0.00287592 0.00002887 0.00008111 0.00005086 0.00041517 0.00005774 0.00002474 0.00000000 0.00104754 0.00005636 0.00030794 0.00001925 0.00078084 
í 0.01071733 0.00028732 0.00040692 0.00051415 0.00171290 0.01078882 0.00010035 0.00012235 0.00977839 0.00000000 0.00039729 0.00005086 0.00013472 0.00408155 0.01163014 0.00043029 0.00024195 0.00097055 0.00065299 0.00257485 0.00001512 0.00003987 0.00028869 0.00027219 0.00002612 0.00018696 0.00000000 0.00440736 0.00069286 0.00004399 0.00016909 0.00169778 
î 0.00015672 0.00615463 0.00959556 0.00597454 0.00660141 0.00363751 0.00268208 0.00246900 0.00253911 0.00502186 0.00370075 0.00881059 0.00717055 0.00742350 0.00196310 0.00398669 0.00810123 0.01057023 0.00954057 0.00070386 0.00009073 0.00111902 0.00012098 0.00253636 0.00109703 0.00031619 0.00000000 0.00000137 0.00000000 0.00040967 0.00049490 0.00124825 
ï 0.00180363 0.00000275 0.00000412 0.00000137 0.00000137 0.00206346 0.00000000 0.00000000 0.00084270 0.00000137 0.00009486 0.00071073 0.00000137 0.00012647 0.01047675 0.00003299 0.00840367 0.00001787 0.00007286 0.00090319 0.00000000 0.00000000 0.00001375 0.00001375 0.00000550 0.00000137 0.00000000 0.00044816 0.00008386 0.00001375 0.00000550 0.00010173 
ð 0.00833494 0.00016497 0.00040142 0.00021996 0.00087295 0.00815210 0.00054989 0.00010448 0.00549889 0.00000000 0.00035743 0.00009348 0.00017047 0.00096918 0.00920926 0.00022545 0.00017047 0.00037392 0.00076847 0.00273982 0.00003299 0.00020071 0.00006461 0.00007286 0.00023508 0.00001787 0.00000000 0.00202771 0.00072448 0.00005224 0.00012647 0.00112590 
ñ 0.00161942 0.00018971 0.00299552 0.00011548 0.00050040 0.00371037 0.00007836 0.00004674 0.00184213 0.00000000 0.00437299 0.00423827 0.00103242 0.00145858 0.00358940 0.00252674 0.00048390 0.00089357 0.01457755 0.00109565 0.00002200 0.00027769 0.00007286 0.00052377 0.00010448 0.00000000 0.00000825 0.00030794 0.00310825 0.00033818 0.00020621 0.00396195 
ò 0.00615875 0.00029144 0.00496962 0.00013197 0.00037805 0.00669352 0.00009073 0.00014847 0.00509197 0.00000137 0.00103242 0.00060213 0.00042891 0.00217206 0.01537076 0.00073410 0.00307800 0.00215281 0.00040142 0.00160842 0.00000825 0.00004674 0.00012235 0.00034643 0.00004124 0.00004812 0.00001237 0.00179951 0.00769982 0.00014022 0.00015259 0.00068599 
ó 0.00015947 0.00078497 0.00139672 0.00166204 0.00275494 0.00042341 0.00193698 0.00046741 0.00059938 0.00013610 0.00111627 0.00111078 0.00120426 0.00100767 0.00048390 0.00157131 0.00072448 0.00210057 0.00208683 0.00016084 0.00002749 0.00050452 0.00002062 0.00150944 0.00095818 0.00036843 0.00000000 0.00000000 0.00000000 0.00012372 0.00131698 0.00017047 
ô 0.00013060 0.00000275 0.00000000 0.00000000 0.00000137 0.00007836 0.00000000 0.00000275 0.00013197 0.00000000 0.00000412 0.00016909 0.00001925 0.00000550 0.00010998 0.00000137 0.00010585 0.00009623 0.00000412 0.00002200 0.00000962 0.00000000 0.00000137 0.00000000 0.00000137 0.00000000 0.00000000 0.00000137 0.00000000 0.00000000 0.00000000 0.00000000 
õ 0.00053064 0.00014847 0.00061038 0.00010860 0.00023783 0.00016222 0.00004949 0.00009761 0.00050865 0.00000000 0.00026395 0.00059525 0.00019246 0.00036155 0.00252399 0.00058288 0.00034231 0.00058976 0.00020071 0.00024608 0.00002612 0.00002474 0.00001375 0.00008111 0.00003437 0.00000137 0.00000412 0.00000000 0.00000137 0.00018421 0.00000550 0.00003024 
ö 0.00082483 0.00001100 0.00006324 0.00000137 0.00000550 0.00101317 0.00000137 0.00000687 0.00016084 0.00000000 0.00012785 0.00000275 0.00001925 0.00002200 0.00022958 0.00002887 0.00000962 0.00003024 0.00001375 0.00016909 0.00000000 0.00000000 0.00000137 0.00000275 0.00000137 0.00000000 0.00000000 0.00020621 0.00000000 0.00000412 0.00000275 0.00000962 
÷ 0.00222292 0.00000412 0.00000962 0.00000000 0.00000412 0.00341756 0.00000000 0.00000000 0.00203734 0.00000000 0.00019109 0.00003712 0.00000550 0.00086607 0.00007149 0.00000687 0.00003849 0.00000962 0.00356740 0.00053064 0.00000000 0.00000000 0.00000000 0.00001100 0.00022820 0.00000000 0.00000000 0.00000000 0.00036843 0.00000000 0.00000000 0.00000000 
ø 0.00114514 0.00000687 0.00002200 0.00000550 0.00001375 0.00288142 0.00000137 0.00000550 0.00187787 0.00000000 0.00054576 0.00048940 0.00000412 0.00040829 0.00042066 0.00010448 0.00001375 0.00001512 0.00004262 0.00042891 0.00000137 0.00000275 0.00000275 0.00000000 0.00000137 0.00000000 0.00000000 0.00000000 0.00068324 0.00000000 0.00000137 0.00000000 
ù 0.00044953 0.00000000 0.00000687 0.00000000 0.00000000 0.00171840 0.00000000 0.00000000 0.00094443 0.00000000 0.00000275 0.00000000 0.00000137 0.00005774 0.00000687 0.00000687 0.00001787 0.00000137 0.00000275 0.00011410 0.00000000 0.00000000 0.00000000 0.00000000 0.00000000 0.00000000 0.00000000 0.00000000 0.00007561 0.00000000 0.00000000 0.00000000 
ú 0.00000000 0.00000000 0.00000000 0.00000000 0.00000000 0.00004537 0.00000000 0.00000000 0.00000000 0.00000000 0.00000000 0.00000000 0.00000000 0.00000000 0.00000000 0.00000000 0.00000000 0.00000000 0.00000000 0.00000000 0.00000000 0.00000000 0.00000000 0.00000000 0.00000000 0.00000000 0.00000000 0.00000000 0.00000000 0.00000000 0.00000000 0.00009211 
û 0.00007423 0.00036705 0.00150395 0.00019659 0.00044816 0.00154106 0.00006324 0.00028319 0.00045366 0.00195485 0.00046328 0.00200847 0.00200572 0.00110390 0.00045641 0.00082483 0.00051964 0.00132111 0.00115889 0.00019796 0.00000412 0.00134173 0.00015809 0.00039867 0.00043991 0.00001237 0.00000000 0.00000000 0.00000000 0.00007149 0.00000275 0.00010585 
ü 0.00010310 0.00050865 0.00138022 0.00015259 0.00049902 0.00103379 0.00014022 0.00050452 0.00082071 0.00000000 0.00170465 0.00023920 0.00087157 0.00277144 0.00087707 0.00105441 0.00027082 0.00285530 0.00065437 0.00025707 0.00001237 0.00007286 0.00008111 0.00060763 0.00062412 0.00001512 0.00000000 0.00000000 0.00000000 0.00019109 0.00067224 0.00043854 
ý 0.00000000 0.00000275 0.00026807 0.00015534 0.00006324 0.00000000 0.00000000 0.00000137 0.00000000 0.00002474 0.00001925 0.00018834 0.00001375 0.00007286 0.00000000 0.00001650 0.00030931 0.00000825 0.00320997 0.00000000 0.00000550 0.00001237 0.00000000 0.00000000 0.00000000 0.00000000 0.00000000 0.00000000 0.00000000 0.00000000 0.00000000 0.00000137 
þ 0.00013610 0.00058013 0.00033681 0.00009211 0.00069286 0.00009623 0.00008523 0.00008523 0.00026532 0.00000412 0.00024195 0.00007973 0.00017596 0.00058426 0.00025157 0.00026670 0.00015672 0.00060625 0.00066949 0.00006461 0.00003162 0.00003712 0.00001512 0.00025020 0.00005224 0.00051415 0.00000000 0.00000000 0.00000000 0.00004124 0.00004124 0.00003987 
ÿ 0.00012647 0.00055126 0.00191224 0.00035468 0.00109840 0.00053064 0.00029694 0.00069286 0.00086882 0.00010310 0.00098430 0.00086195 0.00096368 0.00202222 0.00087707 0.00120701 0.00038767 0.00187100 0.00222705 0.00032031 0.00004537 0.00032718 0.00004949 0.00037667 0.00007286 0.00027907 0.00000000 0.00000000 0.00000000 0.00017321 0.00018559 0.00022958 
