         à          á          â          ã          ä          å          æ          ç          è          é          ê          ë          ì          í          î          ï          ð          ñ          ò          ó          ô          õ          ö          ÷          ø          ù          û          ü          ý          þ          ÿ            
à 0.00000469 0.00071536 0.00295410 0.00098157 0.00156911 0.00115865 0.00147998 0.00331882 0.00014776 0.00084788 0.00421596 0.00573816 0.00352756 0.00414911 0.00001642 0.00065673 0.00214726 0.00430039 0.00452907 0.00010320 0.00008561 0.00083733 0.00005512 0.00069777 0.00132870 0.00035534 0.00000000 0.00000000 0.00000000 0.00087603 0.00180835 0.01543075 
á 0.00087837 0.00022868 0.00006215 0.00001525 0.00001994 0.00214844 0.00000586 0.00000117 0.00064500 0.00000000 0.00006333 0.00104138 0.00005512 0.00040459 0.00239588 0.00000000 0.00135450 0.00022516 0.00000000 0.00108008 0.00000000 0.00006333 0.00000704 0.00000938 0.00001173 0.00014542 0.00370699 0.00002580 0.00000000 0.00000117 0.00066259 0.00022282 
â 0.00601609 0.00000586 0.00004456 0.00000586 0.00017239 0.00599733 0.00000000 0.00039169 0.00292126 0.00000000 0.00011845 0.00100972 0.00015949 0.00109767 0.00714660 0.00020757 0.00089714 0.00201826 0.00015363 0.00067080 0.00000000 0.00002463 0.00002111 0.00003870 0.00077869 0.00000586 0.00251785 0.00021344 0.00000000 0.00000117 0.00048434 0.00526437 
ã 0.00084671 0.00000235 0.00000586 0.00000000 0.00119618 0.00031312 0.00000000 0.00000235 0.00055705 0.00000000 0.00011141 0.00135567 0.00001173 0.00027325 0.00797103 0.00000000 0.00076579 0.00002345 0.00000704 0.00056643 0.00000000 0.00000000 0.00000000 0.00003284 0.00000469 0.00000000 0.00000000 0.00000000 0.00000235 0.00000117 0.00000000 0.00073882 
ä 0.00430743 0.00002345 0.00073999 0.00000938 0.00009030 0.00443291 0.00010437 0.00000469 0.00311711 0.00000000 0.00039873 0.00086547 0.00007740 0.00168521 0.00410806 0.00010320 0.00091121 0.00057933 0.00008209 0.00161719 0.00000000 0.00003401 0.00014894 0.00007505 0.00008444 0.00000000 0.00052069 0.00064265 0.00000000 0.00001055 0.00028732 0.00161602 
å 0.00003166 0.00160898 0.00172039 0.00322031 0.00383716 0.00176730 0.00077165 0.00110823 0.00013135 0.00331296 0.00093349 0.00534177 0.00448099 0.00861720 0.00025096 0.00088658 0.00557515 0.00469443 0.00485040 0.00015715 0.00003049 0.00046557 0.00033423 0.00092880 0.00095929 0.00056877 0.00000000 0.00000000 0.00000000 0.00017591 0.00019233 0.01784891 
æ 0.00129704 0.00005629 0.00000000 0.00000704 0.00085023 0.00378791 0.00000821 0.00000000 0.00139789 0.00000000 0.00007740 0.00001055 0.00000469 0.00090183 0.00014073 0.00000235 0.00000469 0.00002697 0.00000469 0.00020405 0.00000000 0.00000000 0.00000000 0.00004691 0.00000000 0.00000000 0.00000000 0.00007036 0.00000000 0.00000000 0.00000000 0.00053828 
ç 0.00464048 0.00021344 0.00094991 0.00036003 0.00064617 0.00032954 0.00002697 0.00007740 0.00038114 0.00000000 0.00014542 0.00026035 0.00038231 0.00159374 0.00066142 0.00001055 0.00050896 0.00001173 0.00001173 0.00038700 0.00000000 0.00000000 0.00000586 0.00000469 0.00000352 0.00000000 0.00046205 0.00008326 0.00000000 0.00000000 0.00021461 0.00121729 
è 0.00014542 0.00069191 0.00251785 0.00036120 0.00113989 0.00242051 0.00020288 0.00217424 0.00078104 0.00106249 0.00190920 0.00474486 0.00281572 0.00356275 0.00010672 0.00008092 0.00057112 0.00243810 0.00474016 0.00001055 0.00001407 0.00179075 0.00072123 0.00106015 0.00064969 0.00024393 0.00000000 0.00000000 0.00000000 0.00040459 0.00171218 0.01762609 
é 0.00000000 0.00000938 0.00000469 0.00001055 0.00015715 0.00000586 0.00000235 0.00000235 0.00000000 0.00000000 0.00013252 0.00013135 0.00043508 0.00039521 0.00001290 0.00000117 0.00003049 0.00048434 0.00040107 0.00000000 0.00007505 0.00000000 0.00003518 0.00022165 0.00017122 0.00000000 0.00000000 0.00000000 0.00000000 0.00000000 0.00000117 0.00870398 
ê 0.00608411 0.00000117 0.00017122 0.00000000 0.00000235 0.00042805 0.00008561 0.00000704 0.00212029 0.00000000 0.00000704 0.00074585 0.00000000 0.00040459 0.00875089 0.00000000 0.00140024 0.00004925 0.00052655 0.00117976 0.00000000 0.00000469 0.00000469 0.00000352 0.00001994 0.00000000 0.00000000 0.00000000 0.00000117 0.00000000 0.00000000 0.00417726 
ë 0.00714308 0.00012783 0.00009147 0.00016887 0.00005043 0.00483398 0.00044212 0.00000469 0.00720289 0.00000000 0.00023924 0.00010320 0.00001994 0.00042687 0.00518111 0.00007036 0.00000117 0.00081856 0.00005160 0.00169225 0.00001525 0.00000000 0.00000000 0.00010906 0.00000586 0.00000000 0.00054766 0.00399431 0.00000704 0.00096398 0.00160429 0.00465221 
ì 0.00174502 0.00002345 0.00006685 0.00004808 0.00000000 0.00372576 0.00000117 0.00001173 0.00291423 0.00000000 0.00030374 0.00016770 0.00000469 0.00146239 0.00387586 0.00003166 0.00007154 0.00019585 0.00005395 0.00223405 0.00000704 0.00000000 0.00002580 0.00002815 0.00000000 0.00001407 0.00082091 0.00004808 0.00000235 0.00000000 0.00052069 0.00889514 
í 0.00892094 0.00003518 0.00000469 0.00032015 0.00134277 0.00880367 0.00006215 0.00001876 0.00798393 0.00000000 0.00018881 0.00001055 0.00000235 0.00317575 0.00924227 0.00000000 0.00012900 0.00036941 0.00038817 0.00200185 0.00001055 0.00000821 0.00024158 0.00013838 0.00000586 0.00015832 0.00375625 0.00059105 0.00000000 0.00014425 0.00139789 0.00349004 
î 0.00001173 0.00424058 0.00620021 0.00479528 0.00472726 0.00253661 0.00201944 0.00152103 0.00130055 0.00428280 0.00229503 0.00715247 0.00525030 0.00445285 0.00022751 0.00139085 0.00634094 0.00700236 0.00712901 0.00009265 0.00003166 0.00076579 0.00006685 0.00146943 0.00088072 0.00025214 0.00000117 0.00000000 0.00008561 0.00036706 0.00071536 0.01917527 
ï 0.00150813 0.00000117 0.00000000 0.00000000 0.00000117 0.00171805 0.00000000 0.00000000 0.00069777 0.00000117 0.00007975 0.00060044 0.00000000 0.00010672 0.00853159 0.00002580 0.00694372 0.00001525 0.00005746 0.00070833 0.00000000 0.00000000 0.00001055 0.00001173 0.00000469 0.00000117 0.00038114 0.00007036 0.00001055 0.00000469 0.00008561 0.00002697 
ð 0.00697773 0.00013252 0.00030022 0.00017943 0.00070598 0.00692027 0.00046792 0.00007975 0.00462055 0.00000000 0.00026269 0.00005981 0.00011727 0.00077635 0.00695076 0.00012431 0.00007036 0.00025683 0.00063679 0.00222701 0.00002815 0.00011493 0.00005512 0.00005160 0.00019936 0.00001525 0.00172391 0.00061803 0.00001055 0.00010672 0.00095108 0.00072005 
ñ 0.00132049 0.00005160 0.00228682 0.00001759 0.00027559 0.00303971 0.00001642 0.00000235 0.00127358 0.00000000 0.00347127 0.00347127 0.00073295 0.00091004 0.00283683 0.00182711 0.00031781 0.00055587 0.01198762 0.00082325 0.00000821 0.00020992 0.00005277 0.00040928 0.00007857 0.00000000 0.00026035 0.00265154 0.00018998 0.00017122 0.00333289 0.00286028 
ò 0.00506736 0.00002697 0.00366477 0.00000235 0.00009499 0.00540979 0.00000117 0.00000235 0.00404005 0.00000000 0.00060278 0.00039638 0.00003049 0.00133105 0.01265959 0.00011962 0.00248266 0.00129000 0.00003870 0.00119618 0.00000000 0.00001173 0.00009851 0.00012431 0.00001290 0.00003753 0.00140610 0.00656727 0.00000117 0.00012196 0.00053359 0.00550947 
ó 0.00004691 0.00047144 0.00060278 0.00126772 0.00209332 0.00025214 0.00150461 0.00025565 0.00001290 0.00011493 0.00059340 0.00080566 0.00075758 0.00017356 0.00000235 0.00076814 0.00044095 0.00121143 0.00150461 0.00000000 0.00001055 0.00038583 0.00000586 0.00102379 0.00078925 0.00031312 0.00000000 0.00000000 0.00002697 0.00111526 0.00006685 0.00604072 
ô 0.00010320 0.00000000 0.00000000 0.00000000 0.00000000 0.00005629 0.00000000 0.00000000 0.00009616 0.00000000 0.00000000 0.00003284 0.00000000 0.00000000 0.00008561 0.00000000 0.00007505 0.00007505 0.00000352 0.00001759 0.00000235 0.00000000 0.00000000 0.00000000 0.00000117 0.00000000 0.00000117 0.00000000 0.00000000 0.00000000 0.00000000 0.00005864 
õ 0.00038700 0.00000000 0.00020054 0.00000000 0.00000000 0.00003753 0.00000000 0.00000000 0.00020523 0.00000000 0.00000000 0.00038583 0.00001173 0.00006098 0.00184587 0.00000000 0.00017943 0.00004574 0.00004105 0.00011845 0.00000000 0.00000000 0.00000117 0.00000117 0.00000586 0.00000000 0.00000000 0.00000000 0.00000235 0.00000000 0.00000000 0.00366946 
ö 0.00068253 0.00000117 0.00003753 0.00000000 0.00000000 0.00084905 0.00000000 0.00000235 0.00011727 0.00000000 0.00008444 0.00000000 0.00000117 0.00000000 0.00017356 0.00000000 0.00000000 0.00000000 0.00000235 0.00013721 0.00000000 0.00000000 0.00000000 0.00000000 0.00000000 0.00000000 0.00017591 0.00000000 0.00000000 0.00000000 0.00000000 0.00026035 
÷ 0.00188809 0.00000000 0.00000586 0.00000000 0.00000000 0.00284856 0.00000000 0.00000000 0.00171101 0.00000000 0.00015832 0.00003049 0.00000469 0.00073061 0.00005395 0.00000000 0.00003166 0.00000000 0.00292947 0.00044681 0.00000000 0.00000000 0.00000000 0.00000704 0.00019350 0.00000000 0.00000000 0.00031312 0.00000000 0.00000000 0.00000000 0.00006802 
ø 0.00097336 0.00000000 0.00000938 0.00000000 0.00000000 0.00245100 0.00000000 0.00000000 0.00159725 0.00000000 0.00045619 0.00041397 0.00000235 0.00034478 0.00025683 0.00007271 0.00000117 0.00000000 0.00003284 0.00035885 0.00000000 0.00000000 0.00000235 0.00000000 0.00000000 0.00000000 0.00000000 0.00058285 0.00000000 0.00000117 0.00000000 0.00011375 
ù 0.00038114 0.00000000 0.00000352 0.00000000 0.00000000 0.00146005 0.00000000 0.00000000 0.00079980 0.00000000 0.00000000 0.00000000 0.00000000 0.00004222 0.00000469 0.00000000 0.00001290 0.00000000 0.00000000 0.00009499 0.00000000 0.00000000 0.00000000 0.00000000 0.00000000 0.00000000 0.00000000 0.00006450 0.00000000 0.00000000 0.00000000 0.00003870 
û 0.00000000 0.00013135 0.00078573 0.00008561 0.00010789 0.00116804 0.00002345 0.00010085 0.00000586 0.00166762 0.00013838 0.00163009 0.00146356 0.00035416 0.00000000 0.00016301 0.00031077 0.00057815 0.00073295 0.00000586 0.00000000 0.00107305 0.00012314 0.00024627 0.00035768 0.00001055 0.00000000 0.00000000 0.00000000 0.00000000 0.00001173 0.00534295 
ü 0.00000000 0.00010906 0.00001642 0.00001407 0.00000469 0.00039521 0.00000117 0.00017356 0.00005395 0.00000000 0.00086078 0.00000000 0.00027090 0.00142135 0.00000469 0.00000469 0.00000469 0.00126303 0.00009265 0.00000000 0.00000352 0.00000000 0.00005160 0.00014659 0.00050310 0.00000586 0.00000000 0.00000000 0.00000000 0.00054884 0.00026621 0.01034346 
ý 0.00000000 0.00000117 0.00000469 0.00012665 0.00000469 0.00000000 0.00000000 0.00000117 0.00000000 0.00000704 0.00001290 0.00015363 0.00001173 0.00005395 0.00000000 0.00001407 0.00026035 0.00000586 0.00256593 0.00000000 0.00000469 0.00000586 0.00000000 0.00000000 0.00000000 0.00000000 0.00000000 0.00000000 0.00000000 0.00000000 0.00000117 0.00000000 
þ 0.00008678 0.00041163 0.00000117 0.00000938 0.00045150 0.00000117 0.00002111 0.00001407 0.00000117 0.00000352 0.00001759 0.00000821 0.00003166 0.00029318 0.00000000 0.00000000 0.00002228 0.00017474 0.00043156 0.00000000 0.00000000 0.00000938 0.00000000 0.00009147 0.00001290 0.00043508 0.00000000 0.00000000 0.00000000 0.00003284 0.00000000 0.00296700 
ÿ 0.00000000 0.00001525 0.00037293 0.00009851 0.00047730 0.00017943 0.00016653 0.00030491 0.00003987 0.00008795 0.00018060 0.00052304 0.00041280 0.00053125 0.00000000 0.00003049 0.00006919 0.00044446 0.00140727 0.00000000 0.00000000 0.00018646 0.00000821 0.00006685 0.00001407 0.00023103 0.00000000 0.00000000 0.00000000 0.00014776 0.00011258 0.01050764 
  0.00254130 0.00620725 0.01455941 0.00268437 0.00667282 0.00528783 0.00202295 0.00402597 0.00982628 0.00003635 0.00811645 0.00337863 0.00622366 0.01321078 0.01328583 0.01501208 0.00452907 0.01629622 0.00749842 0.00452673 0.00028145 0.00121143 0.00044798 0.00437662 0.00059340 0.00010906 0.00033657 0.00002345 0.00289546 0.00033305 0.00157497 0.00284621 
